.Random.seed <-
c(403L, 101L, -215941701L, 847554442L, -1507119508L, 709881839L, 
1320740901L, 58771676L, -1471926606L, 647627181L, -2080021145L, 
-1052347762L, 2079808360L, -873340053L, -2039923447L, 875156376L, 
2071569094L, -1861326815L, -370230093L, -1414676958L, 863019028L, 
-662829929L, -1000870259L, -387244124L, -1961025142L, 772341237L, 
66539599L, 2083317590L, -5038592L, 72535875L, 929875681L, 652313680L, 
1033096366L, -648415143L, 758282347L, -1545576998L, -1152481636L, 
-762128225L, 1894879989L, -769814644L, 1025859170L, -151010755L, 
-1304392521L, -827272354L, -443042152L, 1995404795L, -1593514087L, 
512348200L, -1179002666L, -248914607L, 2048093187L, 1518433170L, 
-1297620700L, 1624446951L, 2072226877L, -1022272844L, 1837578522L, 
793844325L, -2070606081L, 2008224646L, -2127317744L, 1979510195L, 
1619922513L, -1194234368L, 1379658462L, 1084320041L, 1797960923L, 
165549034L, -1049328756L, 459883727L, 942206085L, 1060169532L, 
850859538L, 1971189005L, -2102862265L, 1882203182L, -367703672L, 
-1840828277L, 1542031977L, 1322325560L, 294350566L, -283145599L, 
64116243L, 1251262914L, 1814915700L, 1045810295L, 1405121901L, 
553601540L, -1558697686L, -1326219627L, -979725009L, -556978122L, 
1129014368L, 191974051L, -2071847487L, 2094873008L, 954001614L, 
-1686677959L, -1526347701L, 1251924474L, -1996516100L, 1952381247L, 
1653167637L, -1513167572L, 1253770754L, -277709603L, 1040074711L, 
-82619714L, 1382049016L, 2067118811L, 1350025529L, 2066416776L, 
-621681610L, 1113555057L, -1336880477L, 1943201778L, -2035889340L, 
502039559L, -1280826915L, -281870636L, 1073553914L, 494406981L, 
-1301202529L, 302197542L, 1732760496L, -982146989L, -2113856655L, 
1713539744L, -1966678466L, 772052297L, -1053701125L, 1285173194L, 
1868185900L, 1607458095L, -80641051L, -1581696356L, -1118093582L, 
-931360915L, -366810969L, -110302514L, -17434584L, 639460395L, 
220546633L, -1684869288L, -1937356282L, -810322975L, -1970974349L, 
-1923046942L, 853267796L, 1808739415L, 2138771533L, 425530340L, 
-702918198L, 441374773L, 361182863L, 1307617174L, -898593984L, 
1740432899L, 149281825L, -2010231024L, 156706030L, -191402855L, 
-204625621L, -85442534L, -1616971044L, 1436019423L, 1468675253L, 
496099916L, 778374818L, -214575619L, -1969750281L, -964200418L, 
480312024L, 1345498683L, 2096200665L, -1373329048L, -1383333738L, 
1723850257L, -162490429L, -616395822L, -363112860L, 1684129191L, 
954555133L, 426262260L, 1602746842L, -2099684059L, 205917247L, 
-1087317050L, 614455376L, 154293363L, 551843985L, 503122112L, 
1312268958L, 1479868009L, 368225947L, -1768534L, 991864780L, 
-1832355185L, 1532154565L, 927103612L, 598464210L, -2001690035L, 
830926599L, -1413942546L, -1948104760L, 262326475L, 629643561L, 
-1117994632L, -1574320474L, 148181185L, -823527085L, 1034053122L, 
1949212468L, 765414583L, 1681202349L, -1848505916L, 874703338L, 
546952789L, -28407825L, -543336458L, 1408586016L, 1950981859L, 
647907201L, -589299216L, -317390706L, -652728327L, 751107467L, 
580233658L, 1333520572L, -1683046254L, -609805952L, -1220930028L, 
-261681368L, 2075200058L, -1056121392L, -2093209236L, -789568588L, 
-2110818286L, 1759725024L, 1769764812L, 94519520L, -514361310L, 
-1230311128L, 215666188L, 1328056124L, -752045070L, 1170770672L, 
84168260L, 997872216L, -834371782L, 1345017328L, -1238886724L, 
-1717520108L, 1954419394L, -688118688L, -913165444L, -402208816L, 
1602957602L, -17794392L, 1173412748L, 1190725820L, 1292541746L, 
1648437824L, -585753420L, 91558472L, 1745761722L, 1821622800L, 
35513068L, 291979604L, -309288686L, 772967840L, -1349627188L, 
-464527776L, -616548414L, -1081403608L, -638709844L, 1541657404L, 
1866934642L, -486892752L, -1879155420L, -1833161928L, 1803816666L, 
1179895696L, 876556028L, -2196588L, -603631550L, -241969920L, 
-151952324L, -264707760L, 288374946L, 1870877000L, 1969014540L, 
-512982308L, 1040129362L, -1662315392L, -1509863340L, -359305240L, 
737011962L, -62497968L, 419421996L, -70645388L, -988574830L, 
-1559488416L, -1982055028L, 477469536L, 871660002L, -1891847256L, 
2002646220L, 801157116L, 2047657394L, -1413474832L, 338103236L, 
-273984168L, 1156659578L, -426122320L, -1191675460L, 1857415252L, 
-1304950846L, 1716989984L, 91236540L, -549043632L, -1810947102L, 
-827326360L, 160920652L, 1870596348L, -1493873678L, -241923840L, 
-919899788L, -1040319480L, 1361883066L, 1065583056L, 879700972L, 
1917915540L, 1393152466L, 1727889760L, 283492172L, -1892673248L, 
14839682L, -229318936L, -264613652L, -914369476L, -222549134L, 
-1331757456L, -1470884828L, -1982821576L, -210457446L, 120255184L, 
522502332L, -1000386924L, -1162156414L, -1883719488L, 405893948L, 
1691139216L, -635314654L, -1094975480L, -1434796788L, -1675961188L, 
-467354094L, -360194176L, 2008780308L, -1252546008L, -1746991814L, 
638310864L, -1738681236L, 979753268L, -424540526L, 976759648L, 
-1043406004L, -2130126880L, 878528418L, 495396776L, -1385861748L, 
97085628L, -1685182094L, 656422128L, 312795204L, -2108108456L, 
724465210L, -2057585808L, -842360772L, -382771436L, 1402959298L, 
-1260528928L, -49264772L, -1314206000L, 1235302562L, 963533864L, 
1597154572L, 895264700L, -1910691534L, 896543168L, -644453836L, 
-645887032L, 241211578L, -1825646192L, 1969877484L, 2073035348L, 
-687562606L, 1455259424L, 880134604L, -262146592L, 1918998210L, 
69149736L, -96144724L, -842562372L, -57239054L, 2143871280L, 
-348113756L, -1797740872L, 1174572378L, -48061040L, 1249309564L, 
31725844L, 1674949442L, 2143214336L, 326768572L, -289890480L, 
1243734818L, -533889720L, 1187338764L, -1191298980L, 39783634L, 
1333533184L, 1672187220L, 756292072L, 1639234554L, -1454133040L, 
1455013164L, 176321268L, 1418463634L, 1823831136L, -811440884L, 
-582372640L, 69986658L, 1296091816L, -872361396L, -268304004L, 
-1841216206L, -440790928L, 1327363908L, -662721064L, 2011888762L, 
559042096L, 440683196L, -1203548332L, -184232894L, 585379232L, 
319093436L, -543655472L, 1072737634L, 1867132904L, -1476016180L, 
803176188L, 1862017522L, -1129404288L, 1495823604L, 1049476581L, 
-309680145L, 495879976L, -1390133370L, -1437766733L, -1391502571L, 
693859698L, -1667774016L, 1001744937L, 1115016859L, -76990612L, 
1494077306L, 1243945135L, -812289095L, -2116053554L, 1612431644L, 
1721418893L, 1228998903L, -609057792L, 1629996638L, 1714755883L, 
896313901L, 1839446682L, -774838696L, -76969535L, -1359939981L, 
1268298644L, -2056508894L, -64727753L, -334605311L, -1872062202L, 
2092363076L, -1297969035L, 978158047L, 1449471288L, 381574934L, 
-887210205L, 756743397L, -384071422L, 593480560L, 1425433369L, 
688501515L, 657211388L, -1790460886L, 280424543L, -425887767L, 
443611390L, 677718252L, -1342264259L, -1429594105L, 357063664L, 
-138545266L, -438024773L, 1238041501L, -1369360054L, -980184728L, 
1430394705L, -419920829L, 1789570372L, -896168462L, -264321081L, 
168479121L, -929096426L, -679836300L, -1856502779L, -836492209L, 
2033875016L, -1002197530L, -1727577325L, -957459339L, -1853264302L, 
-413923168L, 1852309897L, -670395973L, 868421132L, 313137050L, 
-86352113L, -1249516199L, -1466916882L, 995763836L, -2126516499L, 
-1478387305L, -1169550752L, -2133579714L, -1574825717L, -992918643L, 
1702404282L, 1455662840L, 1817644193L, 134305875L, -1165302924L, 
-1530789630L, 782270871L, -707323039L, -1738088538L, 510462372L, 
153710677L, -816462593L, 1340320152L, -1687391562L, -1314329789L, 
1307080325L, -29426910L, 1523925008L, -1315071047L, 1457122411L, 
-1705840804L, -523168118L, -1924795777L, -1864320055L, 831146078L, 
-576308468L, 426599133L, -214365209L, 466874384L, -120390354L, 
1064415707L, 1011443389L, -1214770134L, -561331000L, 2094014961L, 
-1776111773L, -1442646172L, 811060882L, 1416563559L, -492915407L, 
1934233206L, -726331500L, 145189797L, -1331110737L, -212938392L, 
-328197818L, 310571251L, 1877683797L, 208245298L, 1387438080L, 
559744233L, 1282982747L, 1027188140L, -491766342L, -2080257169L, 
1175760121L, 1793552782L, 1769489500L, 1955518157L, 657441335L, 
-1732515648L, -185722978L, -316801941L, -1146217491L, 1354022490L, 
